5.734039275022939641e-01
7.386091367375733352e-01
5.292997340195104705e-01
5.023896223570647468e-01
5.104146999280289032e-01
7.436731472259259235e-01
1.063600204545472661e+00
9.327631984746367344e-01
5.863724659981693899e-01
5.084150659086617008e-01
5.679649134873880900e-01
5.408188385837415790e-01
5.103634844808210280e-01
5.883002234487785254e-01
9.826933726395604696e-01
1.444226437078851566e+00
1.511655386828874681e+00
1.110446934035584254e+00
6.591742621517470146e-01
5.030935071854533147e-01
5.887043864602046206e-01
7.009622375822242013e-01
7.158688628273069954e-01
6.214304160576228364e-01
5.684785853894847030e-01
5.100913785445142512e-01
7.323134841906721038e-01
1.263670043688488454e+00
1.855566022737831222e+00
2.117001432327820787e+00
1.855530187085406180e+00
1.263612907880928171e+00
7.322565005328575127e-01
5.100519865671324649e-01
5.684623623692709460e-01
7.346943191017326624e-01
8.688277116022096180e-01
9.164418355959260687e-01
8.688230387381444819e-01
7.346939889393339085e-01
6.746615917929457140e-01
5.219112440057873670e-01
5.593590461362561994e-01
9.111008123792541102e-01
1.552715854915061033e+00
2.256109973527751222e+00
2.688564511412141478e+00
2.622105194478494106e+00
2.092660690619678299e+00
1.374408723401865373e+00
7.914375903897803433e-01
5.237129828775648477e-01
5.485517983429116784e-01
7.241464080298088968e-01
9.118787822157827794e-01
1.040704802899307335e+00
1.097982184552068308e+00
1.089995771257452173e+00
1.015332190068704232e+00
8.689483275880449664e-01
8.135963769769493092e-01
6.091433245710977662e-01
5.062253434795904727e-01
6.395859515240760462e-01
1.091239198987030479e+00
1.811630627568817875e+00
2.599008463628230459e+00
3.170643185295069166e+00
3.298294238108278265e+00
2.929008703403316538e+00
2.214088337997588418e+00
1.427192177989376587e+00
8.249086148274814567e-01
5.358958030138067929e-01
5.363598649422924858e-01
7.068046058461423531e-01
9.171558915718744931e-01
1.085134036247713762e+00
1.186658025626390556e+00
1.232932541265459481e+00
1.241080420611887503e+00
1.215462246278748104e+00
1.143934705409408448e+00
1.009116279163377872e+00
9.658827823715380179e-01
7.489893949308470411e-01
5.611273931977085461e-01
5.156986684824365064e-01
7.249116984660248786e-01
1.240016385856905989e+00
2.002579211263196157e+00
2.838781520132057423e+00
3.510339331841870525e+00
3.805098066332885942e+00
3.625644357191566414e+00
3.031559836176176415e+00
2.213478979390518298e+00
1.412400307715027559e+00
8.251157081287513462e-01
5.405655198771595060e-01
5.315549219823548777e-01
6.953402503344527918e-01
9.138606074373292198e-01
1.101416872025922311e+00
1.222366336833122791e+00
1.281500374835419009e+00
1.302112172844231086e+00
1.306341149019510262e+00
1.304047681193831743e+00
1.289236952073722353e+00
1.242142282016477584e+00
1.138218166365998263e+00
1.110121910163603065e+00
9.143495484762010905e-01
6.944707426745679868e-01
5.332842987442460991e-01
5.354924885848721949e-01
7.904740654761885921e-01
1.329037302556804745e+00
2.093453835253387130e+00
2.937812644601571321e+00
3.664242588133000744e+00
4.084611313772462005e+00
4.084599961427861636e+00
3.664210100686243976e+00
2.937763531071649226e+00
2.093394945381056527e+00
1.328976851402678516e+00
7.904203710549539963e-01
5.354526116072104713e-01
5.332628555071510235e-01
6.944691699591585277e-01
9.143660049233892639e-01
1.110151824940428966e+00
1.239514427841128974e+00
1.298887576127565779e+00
1.308768030539899874e+00
1.296586054877355121e+00
1.284614901848927015e+00
1.284607550946814447e+00
1.296565026950332600e+00
1.308736352922832191e+00
1.298850087922768015e+00
1.239477333643153489e+00
1.267792511588341497e+00
1.134728534911357389e+00
9.176673998140496558e-01
6.761758236296355751e-01
5.190508888735206883e-01
5.730706739220676749e-01
9.309505174327838972e-01
1.599488706815142436e+00
2.473724903746204795e+00
3.354632034136023400e+00
4.009144663324067714e+00
4.250978148004272761e+00
4.009127014450621473e+00
3.354599319452184147e+00
2.473681994509646209e+00
1.599442137156671606e+00
9.309075180635422164e-01
5.730379563883007954e-01
5.190334067769588611e-01
6.761758236296351310e-01
9.176840438786325604e-01
1.134758214990016612e+00
1.267829749405135153e+00
1.309776084457637157e+00
1.288218205617019052e+00
1.241545826469829139e+00
1.201401354705385893e+00
1.186118829376221040e+00
1.201387918903201513e+00
1.241520444851305083e+00
1.288183919153055745e+00
1.309737452051868090e+00
1.278044221591703167e+00
1.135298220515281731e+00
8.961947499169924392e-01
6.426053684511098263e-01
5.087533588244947946e-01
6.340988958502760120e-01
1.098256278594402335e+00
1.867785546252543005e+00
2.784195044166970057e+00
3.605926672194339488e+00
4.091762546766160469e+00
4.091756381474017878e+00
3.605909123364186009e+00
2.784168882325826821e+00
1.867755105198549037e+00
1.098226907467355851e+00
6.340760845702989590e-01
5.087416519990932695e-01
6.426073452838243494e-01
8.962104105610163574e-01
1.135325020734195611e+00
1.278077764917861403e+00
1.308142418447705513e+00
1.257330810061625836e+00
1.174716807138369568e+00
1.101308663430865087e+00
1.060295188190375493e+00
1.060289797029847048e+00
1.101292841114779542e+00
1.174691750271453561e+00
1.257298869106987516e+00
1.308107280207481571e+00
1.305364605013294543e+00
1.277684790647336088e+00
1.117456739681405020e+00
8.566165064340061086e-01
6.025386891911094223e-01
5.099355824596492059e-01
7.172167223250232038e-01
1.273839159261235920e+00
2.095414141236357608e+00
2.974333803201947291e+00
3.648421789534594950e+00
3.901023290941632915e+00
3.648415388541872417e+00
2.974322081104847193e+00
2.095399261506226907e+00
1.273824240874567471e+00
7.172054193317354276e-01
5.099313332981210145e-01
6.025438051138436446e-01
8.566314317232655018e-01
1.117479819970345734e+00
1.277712700790450739e+00
1.305393297274114905e+00
1.232062972247638388e+00
1.116901452776768666e+00
1.011604774395348905e+00
9.438034271704092149e-01
9.210813678665374926e-01
9.437966361488763223e-01
1.011591086312659149e+00
1.116881109604741740e+00
1.232037182861475566e+00
1.305389223057635606e+00
1.268894274140707878e+00
1.084334091661560695e+00
8.051987700648310931e-01
5.640681604518137382e-01
5.264451580127346153e-01
8.135861052575816821e-01
1.430962418475975717e+00
2.241632443041785550e+00
3.004664758232688193e+00
3.466720423864713574e+00
3.466719833807038853e+00
3.004663115927469264e+00
2.241630226573006368e+00
1.430960637828965654e+00
8.135863385919057666e-01
5.264492504808901963e-01
5.640775932664917613e-01
8.052139470329524595e-01
1.084353914225524740e+00
1.268916288727536701e+00
1.305410354169183051e+00
1.218982220050748966e+00
1.077004857646185254e+00
9.440453885879609430e-01
8.544597671667547578e-01
8.128301976633292014e-01
8.128291303490913222e-01
8.544560419105637905e-01
9.440377806240893843e-01
1.076992288825804556e+00
1.218964649025103375e+00
1.219108924093211144e+00
1.307653289628917248e+00
1.251382178027723668e+00
1.038706720424356966e+00
7.484776093304481570e-01
5.336002925607457037e-01
5.569120032602798975e-01
9.072484428506939480e-01
1.539229920573724320e+00
2.272498431665201046e+00
2.857536689485930648e+00
3.080497218695673389e+00
2.857539929227494113e+00
2.272504465488076164e+00
1.539238165133795189e+00
9.072585647741140402e-01
5.569240827323234111e-01
5.336145930058010523e-01
7.484940491474776358e-01
1.038724373898141096e+00
1.251399174492204391e+00
1.307667287217553875e+00
1.219118004418566104e+00
1.057127717102096298e+00
9.006507964722237913e-01
7.954066455746200415e-01
7.450218232942944496e-01
7.316674025995018038e-01
7.450241688524799066e-01
7.954096006331942137e-01
9.006516930060417536e-01
1.057124165429531359e+00
1.230341514850008533e+00
1.309391972770472812e+00
1.224452108104905568e+00
9.842310037615392693e-01
6.930109167503443190e-01
5.146020827776383033e-01
5.943530433997070705e-01
9.778824328871447147e-01
1.571488169369325227e+00
2.170191599058330034e+00
2.544430769587816776e+00
2.544434082822813359e+00
2.170200986638108454e+00
1.571502208555118463e+00
9.778993873709515006e-01
5.943714036862578487e-01
5.146207714414018364e-01
6.930290699067918059e-01
9.842475361669517087e-01
1.224465442462868259e+00
1.309400243743494396e+00
1.230343270857370053e+00
1.056076862763763557e+00
8.790691029631423348e-01
7.615818022443596735e-01
7.124123967915749756e-01
7.025272199648517901e-01
7.025306795569090657e-01
7.124215216766258685e-01
7.615933259963723057e-01
8.790789993547206693e-01
1.056081778572993235e+00
1.071156426860170763e+00
1.248767677364323925e+00
1.307246886010207110e+00
1.188434823597225076e+00
9.257898638598600627e-01
6.445116725590582796e-01
5.067844045345946125e-01
6.275297569785952545e-01
1.005790257353458061e+00
1.511645515268028817e+00
1.940149570025596182e+00
2.107434453509040573e+00
1.940157995522680645e+00
1.511660895132458826e+00
1.005810168639456270e+00
6.275515743418967896e-01
5.068058800153684151e-01
6.445310828903059175e-01
9.258057621610715771e-01
1.188445706664658097e+00
1.307251159771431581e+00
1.248764114467832531e+00
1.071144965227745161e+00
8.760996390701369929e-01
7.457419976494226166e-01
7.024080705547461889e-01
7.120107666116159972e-01
7.231012817682826999e-01
7.120208571046309221e-01
7.024254099002686935e-01
7.457619149267361580e-01
8.761172022071876953e-01
1.098710882871472450e+00
1.269704683747557628e+00
1.298596886218557511e+00
1.145463003085459341e+00
8.690941201843324082e-01
6.069051962084432983e-01
5.064056600903712457e-01
6.442152862338805797e-01
9.781352386751713812e-01
1.361301873170480681e+00
1.613641091773454050e+00
1.613645714772824480e+00
1.361314850586967218e+00
9.781542026969478609e-01
6.442371492329834748e-01
5.064274270409466761e-01
6.069244487437888136e-01
8.691090279261577400e-01
1.145472038719999031e+00
1.298598619788171149e+00
1.269697977139556899e+00
1.098695520120462232e+00
8.891043604852489901e-01
7.423802307414149038e-01
7.020799390439727006e-01
7.395003479075221708e-01
7.856119107379718747e-01
7.856183717744393835e-01
7.395181153263301610e-01
7.021047207940205315e-01
7.424064753130059646e-01
8.891269191344556289e-01
9.158822572773795967e-01
1.134317969843141150e+00
1.288620535840778292e+00
1.282551984768383502e+00
1.099559395387081917e+00
8.198689546826640751e-01
5.819325594653880218e-01
5.080626463345394583e-01
6.358216354053678465e-01
8.947448552942307565e-01
1.142947256370823617e+00
1.244230014476578328e+00
1.142955578359400315e+00
8.947597680420060762e-01
6.358402586927435207e-01
5.080818114542293706e-01
5.819495226111350838e-01
8.198816705157681017e-01
1.099566361008136539e+00
1.282551948088865412e+00
1.288612446371630860e+00
1.134301373618248121e+00
9.158580012290716832e-01
7.490685659349596293e-01
7.028537434857908828e-01
7.654204473255188379e-01
8.610914284900063054e-01
9.050949151066327580e-01
8.611050530417438953e-01
7.654445926179536119e-01
7.028832308425826403e-01
7.490977457753422719e-01
9.537681938061080000e-01
1.173033219966787000e+00
1.302089089724488336e+00
1.260464487094048458e+00
1.056142481084819007e+00
7.831023373557806089e-01
5.697618438381905071e-01
5.077621473948024100e-01
6.021195013501485782e-01
7.714656089995330923e-01
8.980203117476447394e-01
8.980236637114041853e-01
7.714748467050411840e-01
6.021324672631842567e-01
5.077760769640613514e-01
5.697741523786546969e-01
7.831110871499011861e-01
1.056146383212678952e+00
1.260462601372485336e+00
1.302080581576360530e+00
1.173017488104555417e+00
9.537454163337741875e-01
7.657306956759089012e-01
7.021324700105269212e-01
7.770564060209674828e-01
9.224027567702001162e-01
1.033108561401937076e+00
1.033115406644346423e+00
9.224217833361871843e-01
7.770835976557897151e-01
7.021626068330117931e-01
7.657588787475840819e-01
7.929042970771991161e-01
9.991488018899641332e-01
1.210017659338287199e+00
1.308573066325318113e+00
1.235855244355154259e+00
1.021227106095599524e+00
7.628085842887857293e-01
5.706477963343465909e-01
5.063923277176278770e-01
5.543209243956839227e-01
6.393167241553527891e-01
6.792888166672117478e-01
6.393205044545100524e-01
5.543272761825170925e-01
5.063993187144284480e-01
5.706534720306601915e-01
7.628115097920646903e-01
1.021226495277840263e+00
1.235850697560276323e+00
1.308564195039986222e+00
1.210003953296894696e+00
9.991299355846361419e-01
7.928807671908070231e-01
7.022300377821413253e-01
7.708343264664385686e-01
9.515054754928988778e-01
1.134278396083357787e+00
1.210198374767004870e+00
1.134289916977915036e+00
9.515260652186645629e-01
7.708599328065092182e-01
7.022563211911354575e-01
8.299235329725787036e-01
1.047353677812837169e+00
1.241365304833377481e+00
1.308772158029527954e+00
1.213806568735339875e+00
1.000676874840300545e+00
7.624937993414258042e-01
5.870903146900161573e-01
5.121731279712695706e-01
5.148233650666631522e-01
5.385892867110624316e-01
5.385895886969450652e-01
5.148238864071392751e-01
5.121729243173234192e-01
5.870883821864194552e-01
7.624895603264434385e-01
1.000670357038329294e+00
1.213798183598361113e+00
1.308762245712749461e+00
1.241353776390632158e+00
1.047340042572963315e+00
8.299073665270466638e-01
7.077248246080277694e-01
7.512229367899098120e-01
9.427770409863247547e-01
1.184148920129011406e+00
1.348409576765595697e+00
1.348413879129610526e+00
1.184160863102170946e+00
9.427941074945722644e-01
7.512419996274573020e-01
7.077432057330305115e-01
7.225625916161176887e-01
8.741455571128697866e-01
1.093269452071537584e+00
1.264777362747009803e+00
1.305361191288603173e+00
1.200012055330340832e+00
9.997398648154135481e-01
7.860302578989746269e-01
6.253756620853175852e-01
5.405057578406129437e-01
5.125514781293070143e-01
5.084312130022639042e-01
5.125485382628433007e-01
5.404997513498120965e-01
6.253665972770101611e-01
7.860186078829159984e-01
9.997267028178016268e-01
1.199998838455222705e+00
1.305349254564159622e+00
1.264767384670634431e+00
1.093261205745622355e+00
8.741381246892233614e-01
7.225549644662568882e-01
7.273620822207176317e-01
9.022383787356151874e-01
1.173922265030743928e+00
1.416073293631944896e+00
1.512394353442230388e+00
1.416077315451831131e+00
1.173929236194926506e+00
9.022466810481224453e-01
7.273703241390050422e-01
7.479137139042486560e-01
9.208899433045268923e-01
1.132163945648637426e+00
1.279705307642864387e+00
1.302091755003653706e+00
1.199661526825471780e+00
1.022739385147122704e+00
8.380927341651591700e-01
6.950797399137687016e-01
6.100323103822093973e-01
5.740187780667680428e-01
5.740156984175663890e-01
6.100233072364081854e-01
6.950655938122053401e-01
8.380749093460895249e-01
1.022720048234136314e+00
1.199643284824288836e+00
1.302077102714835233e+00
1.279695962833055312e+00
1.132160359658472615e+00
9.208912295931691583e-01
7.479180504116519357e-01
7.089473397063330573e-01
8.436921158048575897e-01
1.110391781915804454e+00
1.400272214828777173e+00
1.586977506699661644e+00
1.586976954887857172e+00
1.400270415295193693e+00
1.110388485406857750e+00
8.436874002388681237e-01
7.089420088756221983e-01
7.027605212812573221e-01
7.814662068578925869e-01
9.642102824457797761e-01
1.160209447510376579e+00
1.286690907127700623e+00
1.302290411521568769e+00
1.216089280686460050e+00
1.072270527066473855e+00
9.228897133946463160e-01
8.052679134321572008e-01
7.346691057982321915e-01
7.117057926613382657e-01
7.346606144501708346e-01
8.052519930472213927e-01
9.228684783508965817e-01
1.072247026104215628e+00
1.216067153528686662e+00
1.302273284255188734e+00
1.286681636555031760e+00
1.160209447510376579e+00
9.642191847762623391e-01
7.814819994268655812e-01
7.027801167377083491e-01
7.834541347712272730e-01
1.011887179812486437e+00
1.307898376362240711e+00
1.554647228823387684e+00
1.650285365959641926e+00
1.554640588753811059e+00
1.307885678221886394e+00
1.011869733727525089e+00
7.834341215413715975e-01
7.108314022802468823e-01
8.177661307714483296e-01
9.977102507909716422e-01
1.174182872784255149e+00
1.285707745700002791e+00
1.306611047036481121e+00
1.248614977195616760e+00
1.146715870946584781e+00
1.039824525552466294e+00
9.567953944372984409e-01
9.126900881005353128e-01
9.126851902061328126e-01
9.567814564507066688e-01
1.039803754503829003e+00
1.146691716162246077e+00
1.248591713748657517e+00
1.306593129028553735e+00
1.285699001316727541e+00
1.174185716705030913e+00
9.977251380811711368e-01
8.177914299692157218e-01
7.108637343616893700e-01
7.354376060034863993e-01
9.019959891313399369e-01
1.161784550748579781e+00
1.422280927818110996e+00
1.584284409456388154e+00
1.584278431256339825e+00
1.422263640274730623e+00
1.161757889758917806e+00
9.019631155902272379e-01
7.354026738500212268e-01
7.069831127929335768e-01
8.104471260802924570e-01
9.951456873118148527e-01
1.174974649763302459e+00
1.285469658819196281e+00
1.307349258346241161e+00
1.262168867098752756e+00
1.190456168402073800e+00
1.129670566491411288e+00
1.103142156425434672e+00
1.119252602152633003e+00
1.173033683652383807e+00
1.245059697494307560e+00
1.300867127241182475e+00
1.298957173449566627e+00
1.210684433690421669e+00
1.043745431043060945e+00
8.523920082075275850e-01
7.209606376003023787e-01
7.231481030890856143e-01
8.777266009815858361e-01
1.128463974319269703e+00
1.364784336728060099e+00
1.475668299248227289e+00
1.407691740574902095e+00
1.193685157577449196e+00
9.350775038562677555e-01
7.483814703519029443e-01
7.064668767795129201e-01
8.147349623910025151e-01
1.005432685563362849e+00
1.183292485111485215e+00
1.286269810614840470e+00
1.308256179770042493e+00
1.282872903937516629e+00
1.252289178098630051e+00
1.244697613703246830e+00
1.265976111703759788e+00
1.298693885660049174e+00
1.305839088414705973e+00
1.245789295751588588e+00
1.101127331800315190e+00
9.059713775042635975e-01
7.445784516315232526e-01
7.079251331353964005e-01
8.298978760851258851e-01
1.050506763134952726e+00
1.241927740400004643e+00
1.287322548915694753e+00
1.158478817150034201e+00
9.349936631001350973e-01
7.505443352439307159e-01
7.091008733432238031e-01
8.306082787743163109e-01
1.026914223057674880e+00
1.195119344118218851e+00
1.284381929994164784e+00
1.308002491107659537e+00
1.306419767759144257e+00
1.307187193826575333e+00
1.306056799606498897e+00
1.269565163465032676e+00
1.159740533134945517e+00
9.769709902499145171e-01
7.890038035121784699e-01
7.016327693545585387e-01
7.732095805503182984e-01
9.466427502143047734e-01
1.078744575254535487e+00
1.057479279009034157e+00
9.010038772085183778e-01
7.413677033015877438e-01
7.171644731297150965e-01
8.587728428393472946e-01
1.055727334224518144e+00
1.201933570046767263e+00
1.269270617503394760e+00
1.285423462478848533e+00
1.269268426398375116e+00
1.201935875692931033e+00
1.055742876053324064e+00
8.588057099403032524e-01
7.172095607425887920e-01
7.247431737487057823e-01
8.395914757844196163e-01
9.072252399853653060e-01
8.395643732264822523e-01
7.246992623305494874e-01
7.345628559571797389e-01
8.991078900228675064e-01
1.080587488145002828e+00
1.179459855271365987e+00
1.189706962922026268e+00
1.114402884510324876e+00
9.486419336815591352e-01
7.657801643957957705e-01
7.006360823073296551e-01
7.520588375321526353e-01
7.643200240983373250e-01
7.076457153789281751e-01
7.658635258230001019e-01
9.439641843237858154e-01
1.056223827913002511e+00
1.017311448920336536e+00
8.512304672468931077e-01
7.136478355399721307e-01
7.037624534166133650e-01
6.994747718493217192e-01
8.149136421245193329e-01
9.123481531758164120e-01
7.735184766475318163e-01
7.140593294772643596e-01
